%YAML:1.0

#common parameters
#support: 1 imu 1 cam; 1 imu 2 cam: 2 cam; 
imu: 1         
num_of_cam: 2  

imu_topic: "/camera/imu"
image0_topic: "/camera/infra1/image_rect_raw_drop"
image1_topic: "/camera/infra2/image_rect_raw_drop"
output_path: "./output"

cam0_calib: "left.yaml"
cam1_calib: "right.yaml"
image_width: 640
image_height: 480
   

# Extrinsic parameter between IMU and Camera.
estimate_extrinsic: 1   # 0  Have an accurate extrinsic parameters. We will trust the following imu^R_cam, imu^T_cam, don't change it.
                        # 1  Have an initial guess about extrinsic parameters. We will optimize around your initial guess.

body_T_cam0: !!opencv-matrix
   rows: 4
   cols: 4
   dt: d
   data: [ 0.9996028552477213, -0.017040246635497004,
       0.022444638005653866, 0.002368676555232238,
       0.01702933781523567, 0.9998547610546299,
       0.0006770893322237991, -0.0028781045971015004,
       -0.022452915939316063, -0.00029460310700972546, 
       0.9997478580996468, -0.022249107895923048, 0., 0., 0., 1. ]

body_T_cam1: !!opencv-matrix
   rows: 4
   cols: 4
   dt: d
   data: [ 0.9996327874119316, -0.01656487465752139,
        0.021445168654789522, -0.04667656468105135,
       0.016556639502826893, 0.9998627717786117,
       0.000561515418373081, -0.002845846358955219,
       -0.021451527204961268, -0.0002062492963483868, 0.9997698682405879, -0.022283965319945215,
        0., 0., 0., 1. ]

#Multiple thread support
multiple_thread: 1
use_gpu: 1
use_gpu_acc_flow: 1

#feature traker paprameters
max_cnt: 250            # max feature number in feature tracking
min_dist: 3            # min distance between two features 
freq: 10                # frequence (Hz) of publish tracking result. At least 10Hz for good estimation. If set 0, the frequence will be same as raw image 
F_threshold: 1.0        # ransac threshold (pixel)
show_track: 1           # publish tracking image as topic
flow_back: 1            # perform forward and backward optical flow to improve feature tracking accuracy

#optimization parameters
max_solver_time: 0.04  # max solver itration time (ms), to guarantee real time
#max_solver_time: 0.04  # max solver itration time (ms), to guarantee real time
max_num_iterations: 8   # max solver itrations, to guarantee real time
keyframe_parallax: 10.0 # keyframe selection threshold (pixel)

#imu parameters       The more accurate parameters you provide, the better performance
acc_n: 0.1          # accelerometer measurement noise standard deviation. #0.2   0.04
gyr_n: 0.01         # gyroscope measurement noise standard deviation.     #0.05  0.004
acc_w: 0.001         # accelerometer bias random work noise standard deviation.  #0.002
gyr_w: 0.0001       # gyroscope bias random work noise standard deviation.     #4.0e-5
g_norm: 9.805         # gravity magnitude

#unsynchronization parameters
estimate_td: 1                       # online estimate time offset between camera and imu
td: 0.00                             # initial value of time offset. unit: s. readed image clock + td = real image clock (IMU clock)

#loop closure parameters
load_previous_pose_graph: 0        # load and reuse previous pose graph; load from 'pose_graph_save_path'
pose_graph_save_path: "./output/pose_graph" # save and load path
save_image: 1                # save image in pose graph for visualization prupose; you can close this function by setting 0 
